0.93907 0.06093 0.91823 0.08177 0.05551 0.94449 -0.12500 0.01172 -0.01465 0.0 0.0 0.0    0 2 1 2 
0.97090 0.02910 0.85839 0.14161 0.06410 0.93590 -0.01367 0.01758 -0.02637 0.0 0.0 0.0    1 0 2 0 
0.94412 0.05588 0.89854 0.10146 0.09356 0.90644 -0.11230 0.08496 -0.02930 0.0 0.0 0.0    2 1 0 1 
0.79981 0.20019 0.93905 0.06095 0.18397 0.81603 -0.10645 -0.05859 -0.02246 0.0 0.0 0.0   0 2 1 2 
0.76328 0.23672 0.71990 0.28010 0.06825 0.93175 -0.01758 0.00977 -0.00879 0.0 0.0 0.0    1 0 2 0 
0.93544 0.06456 0.80129 0.19871 0.19020 0.80980 -0.04004 0.07422 0.01758 0.0 0.0 0.0     2 1 0 1 
0.37266 0.62734 0.92895 0.07105 0.62482 0.37518 -0.12598 -0.11719 -0.03223 0.0 0.0 0.0   0 2 1 2 
0.38559 0.61441 0.40746 0.59254 0.07644 0.92356 0.00586 0.02441 0.01172 0.0 0.0 0.0      1 0 2 0 
0.92256 0.07744 0.43217 0.56783 0.56245 0.43755 -0.06836 0.06152 0.05859 0.0 0.0 0.0     2 1 0 1 
0.18674 0.81326 0.91507 0.08493 0.85011 0.14989 -0.09082 -0.07129 -0.00488 0.0 0.0 0.0   0 2 1 2 
0.09497 0.90503 0.16877 0.83123 0.07107 0.92893 0.02441 0.01367 -0.01074 0.0 0.0 0.0     1 0 2 0 
0.92566 0.07434 0.17377 0.82623 0.81606 0.18394 -0.06348 0.09082 0.03613 0.0 0.0 0.0     2 1 0 1 
0.10692 0.89308 0.92076 0.07924 0.93399 0.06601 -0.08496 0.01855 -0.03906 0.0 0.0 0.0    0 2 1 2 
0.08550 0.91450 0.17577 0.82423 0.08488 0.91512 0.03418 0.04102 0.00293 0.0 0.0 0.0      1 0 2 0 
0.91078 0.08922 0.09172 0.90828 0.87921 0.12079 -0.10742 0.06250 -0.02930 0.0 0.0 0.0    2 1 0 1 
0.30460 0.69540 0.92517 0.07483 0.71507 0.28493 -0.09473 0.08789 -0.01758 0.0 0.0 0.0    0 2 1 2 
0.39251 0.60749 0.40963 0.59037 0.05762 0.94238 0.04492 0.02930 0.00977 0.0 0.0 0.0      1 0 2 0 
0.91184 0.08816 0.30575 0.69425 0.66902 0.33098 -0.07324 0.06445 -0.05078 0.0 0.0 0.0    2 1 0 1 
0.77727 0.22273 0.77866 0.22134 0.04911 0.95089 -0.07617 0.04883 0.01367 0.0 0.0 0.0     0 2 1 2 
0.96713 0.03287 0.70814 0.29186 0.24993 0.75007 0.01758 0.00586 -0.02148 0.0 0.0 0.0     1 0 2 0 
0.73760 0.26240 0.88879 0.11121 0.26793 0.73207 -0.05371 0.06543 -0.04004 0.0 0.0 0.0    2 1 0 1 
0.72324 0.27676 0.78883 0.21117 0.17077 0.82923 -0.09473 -0.06738 0.04590 0.0 0.0 0.0    0 2 1 2 
0.77533 0.22467 0.60871 0.39129 0.27899 0.72101 -0.02246 0.04297 0.03320 0.0 0.0 0.0     1 0 2 0 
0.76338 0.23662 0.77556 0.22444 0.34330 0.65670 -0.06250 0.06055 0.00977 0.0 0.0 0.0     2 1 0 1 
0.58509 0.41491 0.78589 0.21411 0.56823 0.43177 -0.08398 -0.06738 -0.02051 0.0 0.0 0.0   0 2 1 2 
0.37399 0.62601 0.42224 0.57776 0.25277 0.74723 -0.00293 0.03223 0.01562 0.0 0.0 0.0     1 0 2 0 
0.74547 0.25453 0.44040 0.55960 0.45857 0.54143 -0.04004 0.04102 0.01855 0.0 0.0 0.0     2 1 0 1 
0.29769 0.70231 0.77425 0.22575 0.84089 0.15911 -0.05273 -0.03711 -0.03125 0.0 0.0 0.0   0 2 1 2 
0.09307 0.90693 0.30664 0.69336 0.26057 0.73943 0.02344 0.02344 0.00098 0.0 0.0 0.0      1 0 2 0 
0.75941 0.24059 0.15358 0.84642 0.68222 0.31778 -0.05762 0.03027 0.03418 0.0 0.0 0.0     2 1 0 1 
0.76483 0.23517 0.09506 0.90494 0.93290 0.06710 0.06055 0.01562 -0.27539 0.0 0.0 0.0     0 2 1 2 
0.08889 0.91111 0.31829 0.68171 0.28439 0.71561 0.04883 0.02734 0.00488 0.0 0.0 0.0      1 0 2 0 
0.73642 0.26358 0.09062 0.90938 0.71270 0.28730 -0.05273 0.05273 0.01270 0.0 0.0 0.0     2 1 0 1 
0.36428 0.63572 0.77954 0.22046 0.71389 0.28611 -0.03223 0.04980 -0.04199 0.0 0.0 0.0    0 2 1 2 
0.37630 0.62370 0.43534 0.56466 0.26630 0.73370 0.01270 0.02441 -0.02734 0.0 0.0 0.0     1 0 2 0 
0.75166 0.24834 0.40000 0.60000 0.69522 0.30478 -0.04785 0.05273 -0.04297 0.0 0.0 0.0    2 1 0 1 
0.43508 0.56492 0.42807 0.57193 0.04563 0.95437 -0.04688 0.01562 0.05371 0.0 0.0 0.0     0 2 1 2 
0.96106 0.03894 0.43983 0.56017 0.59923 0.40077 -0.01074 0.01758 0.01367 0.0 0.0 0.0     1 0 2 0 
0.36764 0.63236 0.89070 0.10930 0.60036 0.39964 -0.06152 -0.01855 -0.05566 0.0 0.0 0.0   2 1 0 1 
0.45211 0.54789 0.42194 0.57806 0.20500 0.79500 -0.03027 -0.00684 0.05664 0.0 0.0 0.0    0 2 1 2 
0.76856 0.23144 0.45614 0.54386 0.65206 0.34794 0.00098 0.03711 0.00879 0.0 0.0 0.0      1 0 2 0 
0.38814 0.61186 0.77121 0.22879 0.43359 0.56641 -0.02344 0.00000 -0.04980 0.0 0.0 0.0    2 1 0 1 
0.51465 0.48535 0.47574 0.52426 0.53188 0.46812 -0.00879 -0.01465 0.01855 0.0 0.0 0.0    0 2 1 2 
0.37585 0.62415 0.51005 0.48995 0.60089 0.39911 0.03809 0.00781 -0.00879 0.0 0.0 0.0     1 0 2 0 
0.36766 0.63234 0.43083 0.56917 0.53497 0.46503 -0.05762 -0.02832 -0.05957 0.0 0.0 0.0   2 1 0 1 
0.55824 0.44176 0.43704 0.56296 0.84398 0.15602 0.03320 0.01270 -0.02539 0.0 0.0 0.0     0 2 1 2 
0.08574 0.91426 0.60977 0.39023 0.60981 0.39019 0.05078 0.00977 -0.04395 0.0 0.0 0.0     1 0 2 0 
0.39430 0.60570 0.17437 0.82563 0.42582 0.57418 -0.04883 -0.02051 -0.03027 0.0 0.0 0.0   2 1 0 1 
0.56091 0.43909 0.45307 0.54693 0.92785 0.07215 0.01270 0.00977 -0.00977 0.0 0.0 0.0     0 2 1 2 
0.10350 0.89650 0.58998 0.41002 0.63146 0.36854 0.00293 0.03027 0.00488 0.0 0.0 0.0      1 0 2 0 
0.37151 0.62849 0.11488 0.88512 0.39402 0.60598 -0.04297 -0.03027 0.01660 0.0 0.0 0.0    2 1 0 1 
0.55277 0.44723 0.46449 0.53551 0.68598 0.31402 0.00195 0.01270 0.01855 0.0 0.0 0.0      0 2 1 2 
0.34218 0.65782 0.54849 0.45151 0.61631 0.38369 -0.01367 0.00488 -0.04297 0.0 0.0 0.0    1 0 2 0 
0.39220 0.60780 0.30759 0.69241 0.44004 0.55996 -0.03613 -0.03027 -0.00293 0.0 0.0 0.0   2 1 0 1 
0.15527 0.84473 0.14714 0.85286 0.05451 0.94549 -0.00098 0.01270 0.03027 0.0 0.0 0.0     0 2 1 2 
0.96798 0.03202 0.17257 0.82743 0.87101 0.12899 -0.04492 0.04590 0.01367 0.0 0.0 0.0     1 0 2 0 
0.14535 0.85465 0.88365 0.11635 0.86238 0.13762 -0.05957 -0.07520 -0.02539 0.0 0.0 0.0   2 1 0 1 
0.26765 0.73235 0.16589 0.83411 0.18144 0.81856 0.02051 0.02734 0.05762 0.0 0.0 0.0      0 2 1 2 
0.77407 0.22593 0.30562 0.69438 0.87183 0.12817 -0.01855 0.02344 0.00391 0.0 0.0 0.0     1 0 2 0 
0.12460 0.87540 0.77176 0.22824 0.76874 0.23126 -0.04199 -0.07910 -0.08594 0.0 0.0 0.0   2 1 0 1 
0.55765 0.44235 0.18506 0.81494 0.53059 0.46941 0.03613 0.00879 0.01758 0.0 0.0 0.0      0 2 1 2 
0.38066 0.61934 0.57412 0.42588 0.87489 0.12511 0.00684 0.03711 -0.02344 0.0 0.0 0.0     1 0 2 0 
0.11221 0.88779 0.41831 0.58169 0.42095 0.57905 -0.00879 -0.07031 -0.07227 0.0 0.0 0.0   2 1 0 1 
0.79635 0.20365 0.16130 0.83870 0.85352 0.14648 0.07715 -0.00098 0.02344 0.0 0.0 0.0     0 2 1 2 
0.09262 0.90738 0.78162 0.21838 0.86386 0.13614 0.03027 0.02051 -0.03613 0.0 0.0 0.0     1 0 2 0 
0.12992 0.87008 0.16277 0.83723 0.22899 0.77101 0.02637 -0.04297 -0.01465 0.0 0.0 0.0    2 1 0 1 
0.84686 0.15314 0.18829 0.81171 0.94872 0.05128 0.06445 -0.03613 0.01074 0.0 0.0 0.0     0 2 1 2 
0.07368 0.92632 0.79045 0.20955 0.87074 0.12926 0.02148 0.02148 -0.02832 0.0 0.0 0.0     1 0 2 0 
0.14062 0.85938 0.07910 0.92090 0.15830 0.84170 -0.00098 -0.04395 0.00098 0.0 0.0 0.0    2 1 0 1 
0.69703 0.30297 0.16211 0.83789 0.73232 0.26768 0.06348 -0.03613 -0.00098 0.0 0.0 0.0    0 2 1 2 
0.37445 0.62555 0.59278 0.40722 0.87927 0.12073 0.01953 0.01660 0.00098 0.0 0.0 0.0      1 0 2 0 
0.12792 0.87208 0.24248 0.75752 0.29578 0.70422 -0.00195 -0.04492 0.04297 0.0 0.0 0.0    2 1 0 1 
0.11014 0.88986 0.12366 0.87634 0.04295 0.95705 0.01270 0.00391 -0.01660 0.0 0.0 0.0     0 2 1 2 
0.96902 0.03098 0.17029 0.82971 0.87401 0.12599 -0.03418 0.03809 -0.04102 0.0 0.0 0.0    1 0 2 0 
0.14228 0.85772 0.89044 0.10956 0.86624 0.13376 -0.04004 -0.09570 -0.03711 0.0 0.0 0.0   2 1 0 1 
0.21715 0.78285 0.10442 0.89558 0.18564 0.81436 0.03809 0.04883 0.00781 0.0 0.0 0.0      0 2 1 2 
0.74290 0.25710 0.33580 0.66420 0.88584 0.11416 -0.01855 0.00879 0.00684 0.0 0.0 0.0     1 0 2 0 
0.12694 0.87306 0.75602 0.24398 0.75008 0.24992 0.00293 -0.09473 -0.08301 0.0 0.0 0.0    2 1 0 1 
0.55768 0.44232 0.54689 0.45311 0.13086 0.86914 0.05078 0.03809 0.00000 0.0 0.0 0.0      0 2 1 2 
0.35509 0.64491 0.59145 0.40855 0.87210 0.12790 0.05566 0.04688 -0.04590 0.0 0.0 0.0     1 0 2 0 
0.12377 0.87623 0.44973 0.55027 0.43982 0.56018 -0.01367 -0.04492 -0.04590 0.0 0.0 0.0   2 1 0 1 
0.82240 0.17760 0.11701 0.88299 0.84865 0.15135 0.05664 0.00293 0.01172 0.0 0.0 0.0      0 2 1 2 
0.09540 0.90460 0.77350 0.22650 0.88411 0.11589 0.01562 0.01562 -0.00586 0.0 0.0 0.0     1 0 2 0 
0.13820 0.86180 0.17116 0.82884 0.21138 0.78862 0.01855 -0.05566 -0.06543 0.0 0.0 0.0    2 1 0 1 
0.89560 0.10440 0.12304 0.87696 0.93750 0.06250 0.06836 0.00195 -0.00195 0.0 0.0 0.0     0 2 1 2 
0.08663 0.91337 0.78904 0.21096 0.87626 0.12374 0.03223 0.01465 -0.02344 0.0 0.0 0.0     1 0 2 0 
0.11983 0.88017 0.09269 0.90731 0.13418 0.86582 -0.01465 -0.06836 -0.02930 0.0 0.0 0.0   2 1 0 1 
0.73011 0.26989 0.11474 0.88526 0.75032 0.24968 0.06836 -0.05078 0.01953 0.0 0.0 0.0     0 2 1 2 
0.39453 0.60547 0.58347 0.41653 0.86139 0.13861 0.00098 0.02734 -0.00879 0.0 0.0 0.0     1 0 2 0 
0.13619 0.86381 0.26549 0.73451 0.31207 0.68793 -0.05664 -0.05176 -0.03125 0.0 0.0 0.0   2 1 0 1 
0.34258 0.65742 0.33918 0.66082 0.04995 0.95005 -0.00781 0.02734 -0.03809 0.0 0.0 0.0    0 2 1 2 
0.97161 0.02839 0.39522 0.60478 0.60868 0.39132 -0.02930 0.00781 0.00781 0.0 0.0 0.0     1 0 2 0 
0.35850 0.64150 0.88592 0.11408 0.63199 0.36801 -0.04883 -0.03613 -0.01172 0.0 0.0 0.0   2 1 0 1 
0.38621 0.61379 0.33431 0.66569 0.18338 0.81662 -0.01074 0.01172 -0.01465 0.0 0.0 0.0    0 2 1 2 
0.73900 0.26100 0.43841 0.56159 0.62791 0.37209 -0.01855 0.01562 0.01562 0.0 0.0 0.0     1 0 2 0 
0.38158 0.61842 0.78419 0.21581 0.58814 0.41186 -0.00781 -0.01465 0.00195 0.0 0.0 0.0    2 1 0 1 
0.50787 0.49213 0.32292 0.67708 0.51793 0.48207 0.00098 -0.00879 -0.01074 0.0 0.0 0.0    0 2 1 2 
0.38833 0.61167 0.52757 0.47243 0.63120 0.36880 0.00879 0.01855 0.01074 0.0 0.0 0.0      1 0 2 0 
0.37109 0.62891 0.48328 0.51672 0.47852 0.52148 -0.00098 -0.00195 0.00000 0.0 0.0 0.0    2 1 0 1 
0.65305 0.34695 0.34338 0.65662 0.84183 0.15817 0.01465 -0.00488 -0.01074 0.0 0.0 0.0    0 2 1 2 
0.06474 0.93526 0.60222 0.39778 0.60805 0.39195 0.03809 0.01855 -0.03320 0.0 0.0 0.0     1 0 2 0 
0.35156 0.64844 0.15636 0.84364 0.35485 0.64515 -0.00098 -0.02148 -0.04395 0.0 0.0 0.0   2 1 0 1 
0.69258 0.30742 0.33537 0.66463 0.93095 0.06905 0.04395 -0.01562 0.02246 0.0 0.0 0.0     0 2 1 2 
0.11068 0.88932 0.60871 0.39129 0.62586 0.37414 0.02246 0.04590 -0.03320 0.0 0.0 0.0     1 0 2 0 
0.37454 0.62546 0.06909 0.93091 0.37490 0.62510 -0.01074 -0.02734 -0.07227 0.0 0.0 0.0   2 1 0 1 
0.57387 0.42613 0.34559 0.65441 0.69951 0.30049 0.03027 -0.01074 -0.00586 0.0 0.0 0.0    0 2 1 2 
0.38046 0.61954 0.55841 0.44159 0.63023 0.36977 -0.00977 0.06250 -0.04590 0.0 0.0 0.0    1 0 2 0 
0.34889 0.65111 0.24798 0.75202 0.40778 0.59222 -0.06641 -0.00879 -0.05859 0.0 0.0 0.0   2 1 0 1 
