0.89735 0.10265 0.92431 0.07569 0.06427 0.93573 -0.11328 0.01270 -0.03516 0.0 0.0 0.0 0 2 1 2 
0.95414 0.04586 0.84796 0.15204 0.07519 0.92481 -0.00586 -0.00098 0.01465 0.0 0.0 0.0 1 0 2 0 
0.91378 0.08622 0.89223 0.10777 0.15585 0.84415 -0.06152 0.08301 -0.05273 0.0 0.0 0.0 2 1 0 1 
0.17860 0.82140 0.17123 0.82877 0.05824 0.94176 0.02637 0.01758 0.02051 5.0 0.0 0.0 0 2 1 2 
0.94757 0.05243 0.20729 0.79271 0.86956 0.13044 -0.04492 0.01758 0.02051 5.0 0.0 0.0 1 0 2 0 
0.15629 0.84371 0.89585 0.10415 0.84605 0.15395 -0.02539 -0.08691 -0.03223 5.0 0.0 0.0 2 1 0 1 
0.68443 0.31557 0.69957 0.30043 0.07137 0.92863 -0.06934 0.04004 -0.04102 10.0 0.0 0.0 0 2 1 2 
0.94943 0.05057 0.69371 0.30629 0.24999 0.75001 0.01367 0.03125 0.01172 10.0 0.0 0.0 1 0 2 0 
0.74706 0.25294 0.87626 0.12374 0.28071 0.71929 -0.04883 0.04395 0.01465 10.0 0.0 0.0 2 1 0 1 
0.59191 0.40809 0.59482 0.40518 0.06270 0.93730 -0.06250 0.03906 0.05078 15.0 0.0 0.0 0 2 1 2 
0.95128 0.04872 0.51314 0.48686 0.46549 0.53451 -0.00977 0.03125 -0.00879 15.0 0.0 0.0 1 0 2 0 
0.54454 0.45546 0.87817 0.12183 0.48908 0.51092 -0.03516 0.00195 -0.03027 15.0 0.0 0.0 2 1 0 1 
0.25358 0.74642 0.25091 0.74909 0.06337 0.93663 0.01270 0.00977 -0.00586 20.0 0.0 0.0 0 2 1 2 
0.94660 0.05340 0.32723 0.67277 0.70419 0.29581 -0.05371 0.00586 0.02539 20.0 0.0 0.0 1 0 2 0 
0.28277 0.71723 0.88168 0.11832 0.70751 0.29249 -0.01367 -0.04688 -0.04590 20.0 0.0 0.0 2 1 0 1 
0.87778 0.12222 0.90850 0.09150 0.08007 0.91993 -0.09277 0.00293 0.01562 25.0 0.0 0.0 0 2 1 2 
0.96019 0.03981 0.81094 0.18906 0.11132 0.88868 -0.01465 -0.00293 -0.01562 25.0 0.0 0.0 1 0 2 0 
0.87970 0.12030 0.90761 0.09239 0.13821 0.86179 -0.05957 0.09668 -0.01758 25.0 0.0 0.0 2 1 0 1 
0.12840 0.87160 0.12887 0.87113 0.05347 0.94653 0.03320 0.01465 0.00488 30.0 0.0 0.0 0 2 1 2 
0.96827 0.03173 0.18618 0.81382 0.90405 0.09595 -0.02148 0.03711 0.01465 30.0 0.0 0.0 1 0 2 0 
0.12014 0.87986 0.14811 0.85189 0.05469 0.94531 0.04688 -0.00098 0.03027 30.0 0.0 0.0 0 2 1 2 
0.96359 0.03641 0.16825 0.83175 0.92790 0.07210 -0.02539 0.03125 0.02148 30.0 0.0 0.0 0 2 1 2 
0.11389 0.88611 0.87058 0.12942 0.90967 0.09033 -0.03223 -0.07715 -0.01855 30.0 0.0 0.0 0 2 1 2 
0.78063 0.21937 0.80056 0.19944 0.05109 0.94891 -0.07812 -0.02441 -0.03223 30.0 0.0 0.0 0 2 1 2 
0.96225 0.03775 0.77347 0.22653 0.17566 0.82434 -0.01758 0.00879 0.00391 30.0 0.0 0.0 0 2 1 2 
0.82773 0.17227 0.80168 0.19832 0.12294 0.87706 -0.04785 0.06348 -0.00879 30.0 0.0 0.0 0 2 1 2 
0.43960 0.56040 0.43536 0.56464 0.06152 0.93848 -0.04980 0.02930 0.06445 30.0 0.0 0.0 0 2 1 2 
0.97201 0.02799 0.40078 0.59922 0.60746 0.39254 -0.01758 0.00293 -0.01074 30.0 0.0 0.0 0 2 1 2 
0.36936 0.63064 0.89277 0.10723 0.61171 0.38829 -0.06836 -0.04199 -0.03027 30.0 0.0 0.0 0 2 1 2 
0.31615 0.68385 0.31794 0.68206 0.06249 0.93751 -0.00977 -0.00293 -0.02930 30.0 0.0 0.0 0 2 1 2 
0.96534 0.03466 0.40422 0.59578 0.62129 0.37871 -0.02148 0.00684 0.00391 30.0 0.0 0.0 0 2 1 2 
0.39734 0.60266 0.87311 0.12689 0.63982 0.36018 -0.02051 -0.05176 -0.00684 30.0 0.0 0.0 0 2 1 2 
