0.90874 0.09126 0.89560 0.10440 0.12876 0.87124 -0.03516 0.05469 -0.04883 0.0 0.0 0.0 0 2 0 1 2 1 
0.89582 0.10418 0.86581 0.13419 0.06823 0.93177 -0.13770 0.01074 -0.02051 0.0 0.0 0.0 1 0 1 2 0 2 
0.90380 0.09620 0.82806 0.17194 0.10347 0.89653 -0.07129 -0.00586 -0.02441 0.0 0.0 0.0 2 1 2 0 1 0 
0.91007 0.08993 0.16603 0.83397 0.81074 0.18926 -0.03906 0.04395 0.02539 0.0 5.0 0.0 0 2 0 1 2 1 
0.21014 0.78986 0.83358 0.16642 0.82580 0.17420 -0.02148 -0.04785 0.01953 0.0 5.0 0.0 1 0 1 2 0 2 
0.16210 0.83790 0.17994 0.82006 0.11603 0.88397 -0.00195 -0.01172 -0.02148 0.0 5.0 0.0 2 1 2 0 1 0 
0.29545 0.70455 0.19328 0.80672 0.20801 0.79199 0.04199 0.11230 -0.00684 5.0 0.0 0.0 0 2 0 1 2 1 
0.87330 0.12670 0.17499 0.82501 0.85590 0.14410 -0.03027 0.01758 0.06543 5.0 0.0 0.0 1 0 1 2 0 2 
0.18168 0.81832 0.79396 0.20604 0.82527 0.17473 0.06543 0.00684 -0.00293 5.0 0.0 0.0 2 1 2 0 1 0 
0.27626 0.72374 0.70859 0.29141 0.77478 0.22522 -0.00684 0.09766 -0.07324 5.0 5.0 0.0 0 2 0 1 2 1 
0.17698 0.82302 0.17710 0.82290 0.15349 0.84651 -0.12500 0.05078 0.04785 5.0 5.0 0.0 1 0 1 2 0 2 
0.81822 0.18178 0.16467 0.83533 0.83009 0.16991 -0.09180 -0.00293 0.01562 5.0 5.0 0.0 2 1 2 0 1 0 
0.72078 0.27922 0.67820 0.32180 0.14791 0.85209 -0.00586 0.07617 -0.07812 10.0 0.0 0.0 0 2 0 1 2 1 
0.90044 0.09956 0.69043 0.30957 0.27728 0.72272 -0.11426 -0.02148 -0.00098 10.0 0.0 0.0 1 0 1 2 0 2 
0.70352 0.29648 0.80101 0.19899 0.31357 0.68643 -0.06641 0.04199 -0.01172 10.0 0.0 0.0 2 1 2 0 1 0 
0.65452 0.34548 0.36831 0.63169 0.75720 0.24280 -0.05957 0.04102 0.03125 10.0 5.0 0.0 0 2 0 1 2 1 
0.18774 0.81226 0.68669 0.31331 0.64849 0.35151 -0.06836 -0.00391 0.00781 10.0 5.0 0.0 1 0 1 2 0 2 
0.34907 0.65093 0.22417 0.77583 0.31925 0.68075 -0.02734 -0.01953 -0.01562 10.0 5.0 0.0 2 1 2 0 1 0 
0.62314 0.37686 0.59170 0.40830 0.16864 0.83136 0.00488 0.08105 -0.01270 15.0 0.0 0.0 0 2 0 1 2 1 
0.87297 0.12703 0.55811 0.44189 0.44654 0.55346 -0.06543 0.05273 0.05273 15.0 0.0 0.0 1 0 1 2 0 2 
0.57994 0.42006 0.79670 0.20330 0.45611 0.54389 -0.03418 -0.01562 -0.04688 15.0 0.0 0.0 2 1 2 0 1 0 
0.65846 0.34154 0.37511 0.62489 0.84060 0.15940 -0.04004 0.08008 -0.01465 15.0 5.0 0.0 0 2 0 1 2 1 
0.20101 0.79899 0.53711 0.46289 0.48944 0.51056 -0.05469 -0.00879 0.03711 15.0 5.0 0.0 1 0 1 2 0 2 
0.41263 0.58737 0.18160 0.81840 0.44918 0.55082 -0.07715 0.00195 -0.02539 15.0 5.0 0.0 2 1 2 0 1 0 
0.32661 0.67339 0.23254 0.76746 0.19351 0.80649 0.01367 0.11719 -0.03125 20.0 0.0 0.0 0 2 0 1 2 1 
0.74500 0.25500 0.23061 0.76939 0.63574 0.36426 0.00000 0.02051 -0.13281 20.0 0.0 0.0 1 0 1 2 0 2 
0.29239 0.70761 0.82799 0.17201 0.73345 0.26655 0.02539 0.00488 -0.02344 20.0 0.0 0.0 2 1 2 0 1 0 
0.28791 0.71209 0.72669 0.27331 0.74483 0.25517 -0.03613 0.08789 -0.03711 20.0 5.0 0.0 0 2 0 1 2 1 
0.17811 0.82189 0.31832 0.68168 0.31767 0.68233 -0.10938 0.03613 0.00391 20.0 5.0 0.0 1 0 1 2 0 2 
0.72736 0.27264 0.22556 0.77444 0.72292 0.27708 -0.07715 -0.01074 -0.02344 20.0 5.0 0.0 2 1 2 0 1 0 
0.90040 0.09960 0.87714 0.12286 0.12845 0.87155 0.00293 0.07324 0.01172 25.0 0.0 0.0 0 2 0 1 2 1 
0.91719 0.08281 0.83918 0.16082 0.11279 0.88721 -0.14648 0.01953 0.01465 25.0 0.0 0.0 1 0 1 2 0 2 
0.89761 0.10239 0.79883 0.20117 0.12987 0.87013 -0.05664 -0.00293 -0.00195 25.0 0.0 0.0 2 1 2 0 1 0 
0.91225 0.08775 0.17613 0.82387 0.82869 0.17131 -0.08984 0.06934 0.03223 25.0 5.0 0.0 0 2 0 1 2 1 
0.20310 0.79690 0.79407 0.20593 0.81881 0.18119 -0.02441 -0.03906 0.02539 25.0 5.0 0.0 1 0 1 2 0 2 
0.18774 0.81226 0.20379 0.79621 0.16206 0.83794 -0.02148 -0.00586 -0.01367 25.0 5.0 0.0 2 1 2 0 1 0 
0.27046 0.72954 0.15621 0.84379 0.20406 0.79594 0.03027 0.10059 -0.02637 30.0 0.0 0.0 0 2 0 1 2 1 
0.84924 0.15076 0.16074 0.83926 0.88784 0.11216 -0.02051 -0.01074 0.05957 30.0 0.0 0.0 1 0 1 2 0 2 
0.14280 0.85720 0.82167 0.17833 0.87116 0.12884 0.03516 -0.00684 -0.01562 30.0 0.0 0.0 2 1 2 0 1 0 
0.20195 0.79805 0.80054 0.19946 0.79638 0.20362 0.01074 0.12109 -0.10059 30.0 5.0 0.0 0 2 0 1 2 1 
0.19112 0.80888 0.15900 0.84100 0.14570 0.85430 -0.10352 0.04395 0.03809 30.0 5.0 0.0 1 0 1 2 0 2 
0.84966 0.15034 0.16584 0.83416 0.87208 0.12792 -0.10352 -0.00293 -0.01074 30.0 5.0 0.0 2 1 2 0 1 0 
0.82342 0.17658 0.74657 0.25343 0.11981 0.88019 -0.01074 0.08691 -0.07031 35.0 0.0 0.0 0 2 0 1 2 1 
0.88700 0.11300 0.75304 0.24696 0.17991 0.82009 -0.10645 -0.03320 0.03223 35.0 0.0 0.0 1 0 1 2 0 2 
0.78550 0.21450 0.83066 0.16934 0.23119 0.76881 -0.03613 0.01172 -0.01953 35.0 0.0 0.0 2 1 2 0 1 0 
0.75207 0.24793 0.31353 0.68647 0.79904 0.20096 -0.03906 0.08691 0.01855 35.0 5.0 0.0 0 2 0 1 2 1 
0.20553 0.79447 0.74424 0.25576 0.71779 0.28221 -0.03809 -0.00293 0.00684 35.0 5.0 0.0 1 0 1 2 0 2 
0.26601 0.73399 0.19449 0.80551 0.21565 0.78435 -0.01660 -0.00977 -0.02246 35.0 5.0 0.0 2 1 2 0 1 0 
0.53417 0.46583 0.47437 0.52563 0.17763 0.82237 0.01758 0.07520 -0.01953 40.0 0.0 0.0 0 2 0 1 2 1 
0.86629 0.13371 0.37607 0.62393 0.62632 0.37368 -0.04688 0.05176 0.06348 40.0 0.0 0.0 1 0 1 2 0 2 
0.40513 0.59487 0.80318 0.19682 0.61866 0.38134 0.03320 0.02832 -0.02930 40.0 0.0 0.0 2 1 2 0 1 0 
0.53576 0.46424 0.46583 0.53417 0.81810 0.18190 -0.02051 0.09766 -0.02930 40.0 5.0 0.0 0 2 0 1 2 1 
0.19920 0.80080 0.38944 0.61056 0.41397 0.58603 -0.07227 -0.00391 0.04590 40.0 5.0 0.0 1 0 1 2 0 2 
0.60755 0.39245 0.17954 0.82046 0.56263 0.43737 -0.09082 0.01172 0.00977 40.0 5.0 0.0 2 1 2 0 1 0 
0.43391 0.56609 0.33406 0.66594 0.18212 0.81788 0.03711 0.10840 -0.04688 45.0 0.0 0.0 0 2 0 1 2 1 
0.88461 0.11539 0.39062 0.60938 0.61618 0.38382 -0.03711 -0.05078 0.05469 45.0 0.0 0.0 1 0 1 2 0 2 
0.37708 0.62292 0.82264 0.17736 0.60300 0.39700 -0.04004 0.00977 -0.01562 45.0 0.0 0.0 2 1 2 0 1 0 
0.35743 0.64257 0.65138 0.34862 0.75790 0.24210 -0.01660 0.08594 -0.00195 45.0 5.0 0.0 0 2 0 1 2 1 
0.16910 0.83090 0.38719 0.61281 0.39236 0.60764 -0.11426 -0.00684 -0.02344 45.0 5.0 0.0 1 0 1 2 0 2 
0.65968 0.34032 0.34084 0.65916 0.80178 0.19822 -0.04785 0.03027 -0.00391 45.0 5.0 0.0 2 1 2 0 1 0 
