0.89735 0.10265 0.92431 0.07569 0.06427 0.93573 -0.11328 0.01270 -0.03516 0.0 0.0 0.0 0 2 1 2 
0.95414 0.04586 0.84796 0.15204 0.07519 0.92481 -0.00586 -0.00098 0.01465 0.0 0.0 0.0 1 0 2 0 
0.91378 0.08622 0.89223 0.10777 0.15585 0.84415 -0.06152 0.08301 -0.05273 0.0 0.0 0.0 2 1 0 1 
0.17860 0.82140 0.17123 0.82877 0.05824 0.94176 0.02637 0.01758 0.02051 5.0 0.0 0.0 0 2 1 2 
0.94757 0.05243 0.20729 0.79271 0.86956 0.13044 -0.04492 0.01758 0.02051 5.0 0.0 0.0 1 0 2 0 
0.15629 0.84371 0.89585 0.10415 0.84605 0.15395 -0.02539 -0.08691 -0.03223 5.0 0.0 0.0 2 1 0 1 
0.68443 0.31557 0.69957 0.30043 0.07137 0.92863 -0.06934 0.04004 -0.04102 10.0 0.0 0.0 0 2 1 2 
0.94943 0.05057 0.69371 0.30629 0.24999 0.75001 0.01367 0.03125 0.01172 10.0 0.0 0.0 1 0 2 0 
0.74706 0.25294 0.87626 0.12374 0.28071 0.71929 -0.04883 0.04395 0.01465 10.0 0.0 0.0 2 1 0 1 
0.59191 0.40809 0.59482 0.40518 0.06270 0.93730 -0.06250 0.03906 0.05078 15.0 0.0 0.0 0 2 1 2 
0.95128 0.04872 0.51314 0.48686 0.46549 0.53451 -0.00977 0.03125 -0.00879 15.0 0.0 0.0 1 0 2 0 
0.54454 0.45546 0.87817 0.12183 0.48908 0.51092 -0.03516 0.00195 -0.03027 15.0 0.0 0.0 2 1 0 1 
0.25358 0.74642 0.25091 0.74909 0.06337 0.93663 0.01270 0.00977 -0.00586 20.0 0.0 0.0 0 2 1 2 
0.94660 0.05340 0.32723 0.67277 0.70419 0.29581 -0.05371 0.00586 0.02539 20.0 0.0 0.0 1 0 2 0 
0.28277 0.71723 0.88168 0.11832 0.70751 0.29249 -0.01367 -0.04688 -0.04590 20.0 0.0 0.0 2 1 0 1 
0.87778 0.12222 0.90850 0.09150 0.08007 0.91993 -0.09277 0.00293 0.01562 25.0 0.0 0.0 0 2 1 2 
0.96019 0.03981 0.81094 0.18906 0.11132 0.88868 -0.01465 -0.00293 -0.01562 25.0 0.0 0.0 1 0 2 0 
0.87970 0.12030 0.90761 0.09239 0.13821 0.86179 -0.05957 0.09668 -0.01758 25.0 0.0 0.0 2 1 0 1 
0.12840 0.87160 0.12887 0.87113 0.05347 0.94653 0.03320 0.01465 0.00488 30.0 0.0 0.0 0 2 1 2 
0.96827 0.03173 0.18618 0.81382 0.90405 0.09595 -0.02148 0.03711 0.01465 30.0 0.0 0.0 1 0 2 0 
