0.08476 0.91524 0.91701 0.08299 0.88086 0.11914 0.00000 0.08594 0.00391 0.0 0.0 0.0 0 2 0 1 2 1 0.00000 0.00000 0.00000 1.00000 1.00000 1.00000 
0.83111 0.16889 0.91618 0.08382 0.08595 0.91405 -0.00586 0.10547 0.01172 0.0 0.0 0.196349540849 0 2 0 1 2 1 0.00000 0.03806 0.03806 0.96194 0.96194 1.00000 
0.74258 0.25742 0.91618 0.08382 0.18609 0.81391 -0.04004 0.08301 0.01172 0.0 0.0 0.392699081699 0 2 0 1 2 1 0.00000 0.14645 0.14645 0.85355 0.85355 1.00000 
0.61839 0.38161 0.88870 0.11130 0.25899 0.74101 -0.05566 0.12500 -0.00488 0.0 0.0 0.589048622548 0 2 0 1 2 1 0.00000 0.30866 0.30866 0.69134 0.69134 1.00000 
0.46399 0.53601 0.89275 0.10725 0.38749 0.61251 -0.02734 0.09082 -0.01172 0.0 0.0 0.785398163397 0 2 0 1 2 1 0.00000 0.50000 0.50000 0.50000 0.50000 1.00000 
0.85465 0.14535 0.93177 0.06823 0.08182 0.91818 0.01074 0.09082 -0.01074 0.0 0.196349540849 0.0 0 2 0 1 2 1 0.00000 0.03806 0.03806 0.96194 0.96194 1.00000 
0.83523 0.16477 0.91806 0.08194 0.09676 0.90324 -0.05273 0.10742 -0.00879 0.0 0.196349540849 0.196349540849 0 2 0 1 2 1 0.03806 0.03806 0.07322 0.92678 0.96194 0.96194 
0.74243 0.25757 0.91657 0.08343 0.19320 0.80680 -0.03906 0.08789 -0.02148 0.0 0.196349540849 0.392699081699 0 2 0 1 2 1 0.03806 0.14645 0.17336 0.82664 0.85355 0.96194 
0.64282 0.35718 0.91506 0.08494 0.28114 0.71886 -0.06543 0.11914 0.00391 0.0 0.196349540849 0.589048622548 0 2 0 1 2 1 0.03806 0.30866 0.32322 0.67678 0.69134 0.96194 
0.42112 0.57888 0.91700 0.08300 0.38758 0.61242 -0.07617 0.11035 0.00195 0.0 0.196349540849 0.785398163397 0 2 0 1 2 1 0.03806 0.50000 0.50000 0.50000 0.50000 0.96194 
0.86176 0.13824 0.88385 0.11615 0.10554 0.89446 -0.01758 0.08691 -0.00684 0.0 0.392699081699 0.0 0 2 0 1 2 1 0.00000 0.14645 0.14645 0.85355 0.85355 1.00000 
0.82617 0.17383 0.88907 0.11093 0.15384 0.84616 0.00098 0.07520 0.01758 0.0 0.392699081699 0.196349540849 0 2 0 1 2 1 0.03806 0.14645 0.17336 0.82664 0.85355 0.96194 
0.74632 0.25368 0.88239 0.11761 0.26062 0.73938 -0.04492 0.08008 0.02051 0.0 0.392699081699 0.392699081699 0 2 0 1 2 1 0.14645 0.14645 0.25000 0.75000 0.85355 0.85355 
0.64677 0.35323 0.88480 0.11520 0.33908 0.66092 -0.06836 0.12402 0.00488 0.0 0.392699081699 0.589048622548 0 2 0 1 2 1 0.14645 0.30866 0.36470 0.63530 0.69134 0.85355 
0.43250 0.56750 0.87342 0.12658 0.60973 0.39027 -0.06738 0.10547 -0.01660 0.0 0.392699081699 0.785398163397 0 2 0 1 2 1 0.14645 0.50000 0.50000 0.50000 0.50000 0.85355 
0.84769 0.15231 0.79346 0.20654 0.18808 0.81192 -0.03711 0.09570 0.02930 0.0 0.589048622548 0.0 0 2 0 1 2 1 0.00000 0.30866 0.30866 0.69134 0.69134 1.00000 
0.81603 0.18397 0.78193 0.21807 0.27568 0.72432 -0.01953 0.05762 0.01953 0.0 0.589048622548 0.196349540849 0 2 0 1 2 1 0.03806 0.30866 0.32322 0.67678 0.69134 0.96194 
0.75961 0.24039 0.79906 0.20094 0.31516 0.68484 -0.04395 0.07715 -0.01172 0.0 0.589048622548 0.392699081699 0 2 0 1 2 1 0.14645 0.30866 0.36470 0.63530 0.69134 0.85355 
0.58737 0.41263 0.78078 0.21922 0.44100 0.55900 -0.04102 0.05371 0.03711 0.0 0.589048622548 0.589048622548 0 2 0 1 2 1 0.30866 0.30866 0.42678 0.57322 0.69134 0.69134 
0.46043 0.53957 0.77759 0.22241 0.58061 0.41939 -0.03809 0.07617 0.01172 0.0 0.589048622548 0.785398163397 0 2 0 1 2 1 0.30866 0.50000 0.50000 0.50000 0.50000 0.69134 
0.84918 0.15082 0.68134 0.31866 0.30902 0.69098 -0.01953 0.04102 0.02441 0.0 0.785398163397 0.0 0 2 0 1 2 1 0.00000 0.50000 0.50000 0.50000 0.50000 1.00000 
0.82918 0.17082 0.65538 0.34462 0.35457 0.64543 -0.02637 0.06543 -0.00586 0.0 0.785398163397 0.196349540849 0 2 0 1 2 1 0.03806 0.50000 0.50000 0.50000 0.50000 0.96194 
0.76662 0.23338 0.67697 0.32303 0.37206 0.62794 -0.05566 0.07520 0.02051 0.0 0.785398163397 0.392699081699 0 2 0 1 2 1 0.14645 0.50000 0.50000 0.50000 0.50000 0.85355 
0.63740 0.36260 0.65836 0.34164 0.47025 0.52975 0.01367 0.02734 0.06250 0.0 0.785398163397 0.589048622548 0 2 0 1 2 1 0.30866 0.50000 0.50000 0.50000 0.50000 0.69134 
0.45787 0.54213 0.65940 0.34060 0.57735 0.42265 -0.02930 0.05566 0.01953 0.0 0.785398163397 0.785398163397 0 2 0 1 2 1 0.50000 0.50000 0.50000 0.50000 0.50000 0.50000 
0.86891 0.13109 0.92367 0.07633 0.08995 0.91005 -0.02344 0.09277 -0.02637 0.196349540849 0.0 0.0 0 2 0 1 2 1 0.00000 0.03806 0.03806 0.96194 0.96194 1.00000 
0.84631 0.15369 0.92535 0.07465 0.10658 0.89342 -0.04199 0.09863 -0.02148 0.196349540849 0.0 0.196349540849 0 2 0 1 2 1 0.03806 0.03806 0.07322 0.92678 0.96194 0.96194 
0.78786 0.21214 0.80660 0.19340 0.08196 0.91804 -0.09570 0.13477 -0.00781 0.196349540849 0.0 0.392699081699 0 2 0 1 2 1 0.03806 0.14645 0.17336 0.82664 0.85355 0.96194 
0.59271 0.40729 0.91712 0.08288 0.34324 0.65676 -0.03711 0.10938 -0.03027 0.196349540849 0.0 0.589048622548 0 2 0 1 2 1 0.03806 0.30866 0.32322 0.67678 0.69134 0.96194 
0.41785 0.58215 0.90930 0.09070 0.60495 0.39505 -0.07812 0.10449 -0.00977 0.196349540849 0.0 0.785398163397 0 2 0 1 2 1 0.03806 0.03806 0.07322 0.92678 0.96194 0.96194 
0.88903 0.11097 0.94363 0.05637 0.04348 0.95652 -0.03223 0.12012 -0.01562 0.196349540849 0.196349540849 0.0 0 2 0 1 2 1 0.04520 0.07322 0.07322 0.92678 0.92678 0.95480 
0.85147 0.14853 0.93576 0.06424 0.08450 0.91550 -0.03613 0.12109 -0.01367 0.196349540849 0.196349540849 0.196349540849 0 2 0 1 2 1 0.07322 0.12158 0.17336 0.82664 0.87842 0.92678 
0.76493 0.23507 0.92988 0.07012 0.17502 0.82498 -0.07227 0.12305 -0.01270 0.196349540849 0.196349540849 0.392699081699 0 2 0 1 2 1 0.07322 0.25557 0.32322 0.67678 0.74443 0.92678 
0.66520 0.33480 0.92701 0.07299 0.27261 0.72739 -0.06836 0.13281 -0.01465 0.196349540849 0.196349540849 0.589048622548 0 2 0 1 2 1 0.03806 0.14645 0.17336 0.82664 0.85355 0.96194 
0.42519 0.57481 0.94024 0.05976 0.38150 0.61850 -0.06055 0.11719 -0.02637 0.196349540849 0.196349540849 0.785398163397 0 2 0 1 2 1 0.07322 0.12158 0.17336 0.82664 0.87842 0.92678 
0.88122 0.11878 0.91699 0.08301 0.07919 0.92081 -0.01660 0.11328 0.00098 0.196349540849 0.392699081699 0.0 0 2 0 1 2 1 0.15433 0.17336 0.17336 0.82664 0.82664 0.84567 
0.85000 0.15000 0.90527 0.09473 0.11830 0.88170 -0.06055 0.12305 0.00098 0.196349540849 0.392699081699 0.196349540849 0 2 0 1 2 1 0.17336 0.23970 0.32322 0.67678 0.76030 0.82664 
0.74712 0.25288 0.89770 0.10230 0.19789 0.80211 -0.05371 0.10254 0.01367 0.196349540849 0.392699081699 0.392699081699 0 2 0 1 2 1 0.03806 0.30866 0.32322 0.67678 0.69134 0.96194 
0.62106 0.37894 0.87751 0.12249 0.31261 0.68739 -0.03711 0.08691 -0.02051 0.196349540849 0.392699081699 0.589048622548 0 2 0 1 2 1 0.07322 0.25557 0.32322 0.67678 0.74443 0.92678 
0.55867 0.44133 0.89649 0.10351 0.36489 0.63511 -0.05859 0.12598 0.00195 0.196349540849 0.392699081699 0.785398163397 0 2 0 1 2 1 0.17336 0.23970 0.32322 0.67678 0.76030 0.82664 
0.87989 0.12011 0.80428 0.19572 0.19157 0.80843 0.00195 0.08008 0.01855 0.196349540849 0.589048622548 0.0 0 2 0 1 2 1 0.26346 0.32322 0.32322 0.67678 0.67678 0.73654 
0.84289 0.15711 0.79981 0.20019 0.20993 0.79007 -0.02734 0.08496 0.00098 0.196349540849 0.589048622548 0.196349540849 0 2 0 1 2 1 0.00000 0.14645 0.14645 0.85355 0.85355 1.00000 
0.75431 0.24569 0.80473 0.19527 0.24021 0.75979 -0.04102 0.10352 -0.00488 0.196349540849 0.589048622548 0.392699081699 0 2 0 1 2 1 0.03806 0.14645 0.17336 0.82664 0.85355 0.96194 
0.58749 0.41251 0.64113 0.35887 0.20691 0.79309 -0.04785 0.08008 0.02539 0.196349540849 0.589048622548 0.589048622548 0 2 0 1 2 1 0.14645 0.14645 0.25000 0.75000 0.85355 0.85355 
0.43508 0.56492 0.79707 0.20293 0.43928 0.56072 -0.02344 0.05371 0.02637 0.196349540849 0.589048622548 0.785398163397 0 2 0 1 2 1 0.14645 0.30866 0.36470 0.63530 0.69134 0.85355 
0.86051 0.13949 0.67870 0.32130 0.31759 0.68241 -0.01074 0.04102 0.03711 0.196349540849 0.785398163397 0.0 0 2 0 1 2 1 0.03806 0.14645 0.17336 0.82664 0.85355 0.96194 
0.83554 0.16446 0.66825 0.33175 0.30994 0.69006 -0.03223 0.07227 0.00977 0.196349540849 0.785398163397 0.196349540849 0 2 0 1 2 1 0.02145 0.17336 0.17336 0.82664 0.82664 0.97855 
0.74888 0.25112 0.68299 0.31701 0.34926 0.65074 -0.03711 0.06348 0.01172 0.196349540849 0.785398163397 0.392699081699 0 2 0 1 2 1 0.07769 0.17336 0.25000 0.75000 0.82664 0.92231 
0.64649 0.35351 0.68789 0.31211 0.34304 0.65696 -0.00098 0.06348 0.03516 0.196349540849 0.785398163397 0.589048622548 0 2 0 1 2 1 0.17336 0.19822 0.36470 0.63530 0.80178 0.82664 
0.54004 0.45996 0.66222 0.33778 0.39862 0.60138 -0.03906 0.08203 0.00586 0.196349540849 0.785398163397 0.785398163397 0 2 0 1 2 1 0.14645 0.14645 0.25000 0.75000 0.85355 0.85355 
0.84838 0.15162 0.86525 0.13475 0.08338 0.91662 -0.02246 0.10059 0.00293 0.392699081699 0.0 0.0 0 2 0 1 2 1 0.07769 0.17336 0.25000 0.75000 0.82664 0.92231 
0.80455 0.19545 0.87671 0.12329 0.14505 0.85495 -0.03320 0.07617 -0.02344 0.392699081699 0.0 0.196349540849 0 2 0 1 2 1 0.07322 0.25000 0.25000 0.75000 0.75000 0.92678 
0.72597 0.27403 0.86149 0.13851 0.24968 0.75032 -0.05273 0.10645 -0.01074 0.392699081699 0.0 0.392699081699 0 2 0 1 2 1 0.13373 0.25000 0.36470 0.63530 0.75000 0.86627 
0.62198 0.37802 0.87161 0.12839 0.36718 0.63282 -0.05957 0.06934 -0.01953 0.392699081699 0.0 0.589048622548 0 2 0 1 2 1 0.14645 0.30866 0.36470 0.63530 0.69134 0.85355 
0.43616 0.56384 0.85942 0.14058 0.60220 0.39780 -0.05566 0.09082 -0.00586 0.392699081699 0.0 0.785398163397 0 2 0 1 2 1 0.17336 0.19822 0.36470 0.63530 0.80178 0.82664 
0.86078 0.13922 0.91237 0.08763 0.05406 0.94594 -0.01758 0.09570 0.01465 0.392699081699 0.196349540849 0.0 0 2 0 1 2 1 0.13373 0.25000 0.36470 0.63530 0.75000 0.86627 
0.80026 0.19974 0.88992 0.11008 0.09301 0.90699 -0.01660 0.08301 0.01465 0.392699081699 0.196349540849 0.196349540849 0 2 0 1 2 1 0.12500 0.36470 0.36470 0.63530 0.63530 0.87500 
0.73993 0.26007 0.89122 0.10878 0.17866 0.82134 -0.09180 0.11816 -0.02148 0.392699081699 0.196349540849 0.392699081699 0 2 0 1 2 1 0.00000 0.30866 0.30866 0.69134 0.69134 1.00000 
0.63477 0.36523 0.90830 0.09170 0.31046 0.68954 -0.05273 0.08398 -0.00879 0.392699081699 0.196349540849 0.589048622548 0 2 0 1 2 1 0.03806 0.30866 0.32322 0.67678 0.69134 0.96194 
0.41679 0.58321 0.88895 0.11105 0.37820 0.62180 -0.08301 0.11719 -0.01465 0.392699081699 0.196349540849 0.785398163397 0 2 0 1 2 1 0.14645 0.30866 0.36470 0.63530 0.69134 0.85355 
0.85167 0.14833 0.08416 0.91584 0.85449 0.14551 -0.00879 0.11230 0.00000 0.392699081699 0.392699081699 0.0 0 2 0 1 2 1 0.30866 0.30866 0.42678 0.57322 0.69134 0.69134 
0.81099 0.18901 0.87939 0.12061 0.10185 0.89815 -0.01660 0.09863 0.04297 0.392699081699 0.392699081699 0.196349540849 0 2 0 1 2 1 0.03806 0.30866 0.32322 0.67678 0.69134 0.96194 
0.73112 0.26888 0.87525 0.12475 0.16008 0.83992 -0.02734 0.09570 0.03027 0.392699081699 0.392699081699 0.392699081699 0 2 0 1 2 1 0.00557 0.32322 0.32322 0.67678 0.67678 0.99443 
0.60095 0.39905 0.86133 0.13867 0.28162 0.71838 -0.04199 0.09570 0.00098 0.392699081699 0.392699081699 0.589048622548 0 2 0 1 2 1 0.04836 0.32322 0.36470 0.63530 0.67678 0.95164 
0.44621 0.55379 0.83321 0.16679 0.36375 0.63625 -0.05176 0.09082 -0.01172 0.392699081699 0.392699081699 0.785398163397 0 2 0 1 2 1 0.15990 0.32322 0.42678 0.57322 0.67678 0.84010 
0.86082 0.13918 0.78823 0.21177 0.16988 0.83012 0.03223 0.09082 0.02539 0.392699081699 0.589048622548 0.0 0 2 0 1 2 1 0.14645 0.30866 0.36470 0.63530 0.69134 0.85355 
0.79772 0.20228 0.76798 0.23202 0.16785 0.83215 -0.02246 0.08789 0.01465 0.392699081699 0.589048622548 0.196349540849 0 2 0 1 2 1 0.04836 0.32322 0.36470 0.63530 0.67678 0.95164 
0.72846 0.27154 0.78029 0.21971 0.17111 0.82889 -0.02051 0.10547 0.00293 0.392699081699 0.589048622548 0.392699081699 0 2 0 1 2 1 0.01903 0.36470 0.36470 0.63530 0.63530 0.98097 
0.63591 0.36409 0.77752 0.22248 0.24056 0.75944 -0.04590 0.06934 0.00977 0.392699081699 0.589048622548 0.589048622548 0 2 0 1 2 1 0.06292 0.36470 0.42678 0.57322 0.63530 0.93708 
0.46472 0.53528 0.78993 0.21007 0.34021 0.65979 -0.03516 0.05664 0.02246 0.392699081699 0.589048622548 0.785398163397 0 2 0 1 2 1 0.30866 0.30866 0.42678 0.57322 0.69134 0.69134 
0.83466 0.16534 0.64257 0.35743 0.29176 0.70824 0.03320 0.08203 0.01660 0.392699081699 0.785398163397 0.0 0 2 0 1 2 1 0.15990 0.32322 0.42678 0.57322 0.67678 0.84010 
0.80606 0.19394 0.65871 0.34129 0.25117 0.74883 0.01562 0.06836 0.01270 0.392699081699 0.785398163397 0.196349540849 0 2 0 1 2 1 0.06292 0.36470 0.42678 0.57322 0.63530 0.93708 
0.73049 0.26951 0.68465 0.31535 0.24485 0.75515 -0.00293 0.06738 0.03320 0.392699081699 0.785398163397 0.392699081699 0 2 0 1 2 1 0.03249 0.42678 0.42678 0.57322 0.57322 0.96751 
0.61449 0.38551 0.66119 0.33881 0.27785 0.72215 -0.01660 0.06348 0.02539 0.392699081699 0.785398163397 0.589048622548 0 2 0 1 2 1 0.00000 0.50000 0.50000 0.50000 0.50000 1.00000 
0.45677 0.54323 0.64285 0.35715 0.29034 0.70966 -0.04102 0.08105 0.00879 0.392699081699 0.785398163397 0.785398163397 0 2 0 1 2 1 0.03806 0.50000 0.50000 0.50000 0.50000 0.96194 
0.73731 0.26269 0.78499 0.21501 0.08636 0.91364 0.00195 0.09180 0.02148 0.589048622548 0.0 0.0 0 2 0 1 2 1 0.14645 0.50000 0.50000 0.50000 0.50000 0.85355 
0.72107 0.27893 0.76207 0.23793 0.17279 0.82721 -0.05957 0.05664 -0.02637 0.589048622548 0.0 0.196349540849 0 2 0 1 2 1 0.30866 0.50000 0.50000 0.50000 0.50000 0.69134 
0.67805 0.32195 0.77941 0.22059 0.24662 0.75338 -0.02832 0.09863 0.00781 0.589048622548 0.0 0.392699081699 0 2 0 1 2 1 0.03806 0.50000 0.50000 0.50000 0.50000 0.96194 
0.59959 0.40041 0.76809 0.23191 0.37783 0.62217 -0.06641 0.10059 -0.01660 0.589048622548 0.0 0.589048622548 0 2 0 1 2 1 0.00000 0.50000 0.50000 0.50000 0.50000 1.00000 
0.44458 0.55542 0.80600 0.19400 0.58379 0.41621 -0.05371 0.06738 0.02832 0.589048622548 0.0 0.785398163397 0 2 0 1 2 1 0.03806 0.50000 0.50000 0.50000 0.50000 0.96194 
0.79051 0.20949 0.83370 0.16630 0.08369 0.91631 -0.01660 0.07129 -0.02148 0.589048622548 0.196349540849 0.0 0 2 0 1 2 1 0.14645 0.50000 0.50000 0.50000 0.50000 0.85355 
0.74407 0.25593 0.81471 0.18529 0.09512 0.90488 -0.03027 0.07715 0.01270 0.589048622548 0.196349540849 0.196349540849 0 2 0 1 2 1 0.14645 0.50000 0.50000 0.50000 0.50000 0.85355 
0.69709 0.30291 0.79106 0.20894 0.17142 0.82858 -0.05762 0.10449 0.00488 0.589048622548 0.196349540849 0.392699081699 0 2 0 1 2 1 0.03806 0.50000 0.50000 0.50000 0.50000 0.96194 
0.60246 0.39754 0.80176 0.19824 0.32761 0.67239 -0.03906 0.04980 -0.00195 0.589048622548 0.196349540849 0.589048622548 0 2 0 1 2 1 0.00000 0.50000 0.50000 0.50000 0.50000 1.00000 
0.57525 0.42475 0.81065 0.18935 0.39370 0.60630 -0.07520 0.09961 -0.00781 0.589048622548 0.196349540849 0.785398163397 0 2 0 1 2 1 0.03806 0.50000 0.50000 0.50000 0.50000 0.96194 
0.73247 0.26753 0.75271 0.24729 0.10289 0.89711 0.03711 0.08594 0.01953 0.589048622548 0.392699081699 0.0 0 2 0 1 2 1 0.30866 0.50000 0.50000 0.50000 0.50000 0.69134 
0.73165 0.26835 0.76316 0.23684 0.07137 0.92863 -0.00977 0.08105 0.01562 0.589048622548 0.392699081699 0.196349540849 0 2 0 1 2 1 0.14645 0.50000 0.50000 0.50000 0.50000 0.85355 
0.65637 0.34363 0.75473 0.24527 0.11951 0.88049 -0.02539 0.05176 0.02051 0.589048622548 0.392699081699 0.392699081699 0 2 0 1 2 1 0.03806 0.50000 0.50000 0.50000 0.50000 0.96194 
0.59902 0.40098 0.76762 0.23238 0.21929 0.78071 -0.05957 0.06348 0.00488 0.589048622548 0.392699081699 0.589048622548 0 2 0 1 2 1 0.00000 0.50000 0.50000 0.50000 0.50000 1.00000 
0.56062 0.43938 0.77568 0.22432 0.33803 0.66197 -0.06055 0.10059 0.01270 0.589048622548 0.392699081699 0.785398163397 0 2 0 1 2 1 
0.77840 0.22160 0.73082 0.26918 0.16147 0.83853 -0.00684 0.10059 -0.01270 0.589048622548 0.589048622548 0.0 0 2 0 1 2 1 
0.72966 0.27034 0.72440 0.27560 0.14219 0.85781 0.00879 0.07617 0.01855 0.589048622548 0.589048622548 0.196349540849 0 2 0 1 2 1 
0.65101 0.34899 0.70313 0.29687 0.13400 0.86600 -0.01367 0.06934 0.00098 0.589048622548 0.589048622548 0.392699081699 0 2 0 1 2 1 
0.60859 0.39141 0.74276 0.25724 0.17161 0.82839 -0.02148 0.08789 0.02734 0.589048622548 0.589048622548 0.589048622548 0 2 0 1 2 1 
0.44312 0.55688 0.71041 0.28959 0.26623 0.73377 -0.04688 0.07422 0.01367 0.589048622548 0.589048622548 0.785398163397 0 2 0 1 2 1 
0.73218 0.26782 0.61985 0.38015 0.30545 0.69455 0.05078 0.06152 0.02930 0.589048622548 0.785398163397 0.0 0 2 0 1 2 1 
0.72317 0.27683 0.62956 0.37044 0.20747 0.79253 0.03906 0.05078 0.02051 0.589048622548 0.785398163397 0.196349540849 0 2 0 1 2 1 
0.17760 0.82240 0.62343 0.37657 0.68457 0.31543 0.00000 0.05664 0.00977 0.589048622548 0.785398163397 0.392699081699 0 2 0 1 2 1 
0.59766 0.40234 0.62928 0.37072 0.16847 0.83153 0.00098 0.05371 0.05664 0.589048622548 0.785398163397 0.589048622548 0 2 0 1 2 1 
0.45191 0.54809 0.63527 0.36473 0.18286 0.81714 -0.04199 0.07715 0.04395 0.589048622548 0.785398163397 0.785398163397 0 2 0 1 2 1 
0.59921 0.40079 0.62741 0.37259 0.08574 0.91426 -0.03516 0.08105 0.01074 0.785398163397 0.0 0.0 0 2 0 1 2 1 
0.63907 0.36093 0.65638 0.34362 0.16204 0.83796 -0.08203 0.05762 -0.01855 0.785398163397 0.0 0.196349540849 0 2 0 1 2 1 
0.60616 0.39384 0.67416 0.32584 0.27425 0.72575 -0.06738 0.06934 0.01074 0.785398163397 0.0 0.392699081699 0 2 0 1 2 1 
0.58007 0.41993 0.65821 0.34179 0.44608 0.55392 -0.06934 0.04395 0.01758 0.785398163397 0.0 0.589048622548 0 2 0 1 2 1 
0.45011 0.54989 0.66171 0.33829 0.62126 0.37874 -0.04980 0.01660 0.01367 0.785398163397 0.0 0.785398163397 0 2 0 1 2 1 
0.63439 0.36561 0.68278 0.31722 0.08511 0.91489 -0.01270 0.06250 -0.00781 0.785398163397 0.196349540849 0.0 0 2 0 1 2 1 
0.60019 0.39981 0.66753 0.33247 0.09735 0.90265 -0.01758 0.06445 0.02246 0.785398163397 0.196349540849 0.196349540849 0 2 0 1 2 1 
0.59876 0.40124 0.67170 0.32830 0.17575 0.82425 -0.04102 0.06152 0.01660 0.785398163397 0.196349540849 0.392699081699 0 2 0 1 2 1 
0.58561 0.41439 0.68461 0.31539 0.31903 0.68097 -0.07227 0.05664 0.00391 0.785398163397 0.196349540849 0.589048622548 0 2 0 1 2 1 
0.58887 0.41113 0.63193 0.36807 0.40263 0.59737 -0.08887 0.06836 -0.00488 0.785398163397 0.196349540849 0.785398163397 0 2 0 1 2 1 
0.62408 0.37592 0.63439 0.36561 0.09219 0.90781 0.00391 0.08691 0.01270 0.785398163397 0.392699081699 0.0 0 2 0 1 2 1 
0.59749 0.40251 0.63001 0.36999 0.08192 0.91808 -0.01855 0.06445 0.00586 0.785398163397 0.392699081699 0.196349540849 0 2 0 1 2 1 
0.59363 0.40637 0.65301 0.34699 0.11928 0.88072 -0.02637 0.03711 0.03711 0.785398163397 0.392699081699 0.392699081699 0 2 0 1 2 1 
0.58770 0.41230 0.66869 0.33131 0.17166 0.82834 -0.06250 0.05762 0.01562 0.785398163397 0.392699081699 0.589048622548 0 2 0 1 2 1 
0.44404 0.55596 0.66414 0.33586 0.32993 0.67007 -0.04883 0.03223 0.01855 0.785398163397 0.392699081699 0.785398163397 0 2 0 1 2 1 
0.65719 0.34281 0.63771 0.36229 0.19393 0.80607 0.04883 0.05664 0.02832 0.785398163397 0.589048622548 0.0 0 2 0 1 2 1 
0.61855 0.38145 0.63115 0.36885 0.10202 0.89798 0.02344 0.07617 0.00879 0.785398163397 0.589048622548 0.196349540849 0 2 0 1 2 1 
0.59442 0.40558 0.64098 0.35902 0.10043 0.89957 -0.01758 0.04102 0.02539 0.785398163397 0.589048622548 0.392699081699 0 2 0 1 2 1 
0.52280 0.47720 0.61365 0.38635 0.12074 0.87926 -0.01660 0.06836 0.03711 0.785398163397 0.589048622548 0.589048622548 0 2 0 1 2 1 
0.43867 0.56133 0.61161 0.38839 0.20133 0.79867 -0.06055 0.07129 0.03027 0.785398163397 0.589048622548 0.785398163397 0 2 0 1 2 1 
0.63540 0.36460 0.59336 0.40664 0.29493 0.70507 0.06250 0.06250 0.02539 0.785398163397 0.785398163397 0.0 0 2 0 1 2 1 
0.62768 0.37232 0.58966 0.41034 0.19721 0.80279 0.04590 0.04883 0.04883 0.785398163397 0.785398163397 0.196349540849 0 2 0 1 2 1 
0.56775 0.43225 0.57660 0.42340 0.13314 0.86686 0.01758 0.05762 0.02539 0.785398163397 0.785398163397 0.392699081699 0 2 0 1 2 1 
0.53809 0.46191 0.57700 0.42300 0.09629 0.90371 -0.03516 0.03320 0.02051 0.785398163397 0.785398163397 0.589048622548 0 2 0 1 2 1 
0.43007 0.56993 0.57968 0.42032 0.12899 0.87101 -0.05664 0.04590 0.02637 0.785398163397 0.785398163397 0.785398163397 0 2 0 1 2 1 
