0.95818 0.04182 0.91067 0.08933 0.05280 0.94720 -0.01270 0.08789 -0.04492 0.0 0.0 0.0 
0.18275 0.81725 0.87169 0.12831 0.80493 0.19507 0.05469 0.08789 -0.03418 0.0 0.0 11.25 
0.72575 0.27425 0.88790 0.11210 0.28075 0.71925 -0.07227 0.09961 -0.03027 0.0 0.0 22.5 
0.56975 0.43025 0.89294 0.10706 0.41459 0.58541 0.04980 0.07324 -0.05078 0.0 0.0 33.75 
0.29299 0.70701 0.89756 0.10244 0.70639 0.29361 -0.09180 0.11426 -0.00879 0.0 0.0 45.0 
0.94652 0.05348 0.14730 0.85270 0.85087 0.14913 -0.06738 0.07031 -0.02832 0.0 11.25 0.0 
0.12069 0.87931 0.18710 0.81290 0.19043 0.80957 0.08301 0.07910 0.00000 0.0 11.25 11.25 
0.79153 0.20847 0.17422 0.82578 0.72919 0.27081 -0.08984 0.07715 -0.01953 0.0 11.25 22.5 
0.41397 0.58603 0.17292 0.82708 0.39796 0.60204 0.06641 0.07910 -0.02441 0.0 11.25 33.75 
0.35153 0.64847 0.17123 0.82877 0.34412 0.65588 -0.00293 0.09570 -0.02051 0.0 11.25 45.0 
0.94356 0.05644 0.70496 0.29504 0.26555 0.73445 -0.03223 0.07910 0.02734 0.0 22.5 0.0 
0.16579 0.83421 0.66935 0.33065 0.66009 0.33991 0.06836 0.09082 0.01172 0.0 22.5 11.25 
0.74637 0.25363 0.72311 0.27689 0.35410 0.64590 -0.10547 0.10840 0.07812 0.0 22.5 22.5 
0.59095 0.40905 0.70921 0.29079 0.40681 0.59319 0.09082 0.09277 0.00977 0.0 22.5 33.75 
0.31345 0.68655 0.69196 0.30804 0.62851 0.37149 -0.03809 0.09375 0.05273 0.0 22.5 45.0 
0.95302 0.04698 0.41254 0.58746 0.58527 0.41473 -0.05859 0.08301 -0.08008 0.0 33.75 0.0 
0.15603 0.84397 0.43231 0.56769 0.40429 0.59571 0.08984 0.07715 -0.04688 0.0 33.75 11.25 
0.73760 0.26240 0.42768 0.57232 0.54515 0.45485 -0.06152 0.04199 -0.05957 0.0 33.75 22.5 
0.47371 0.52629 0.48640 0.51360 0.42663 0.57337 0.02539 0.06543 0.00488 0.0 33.75 33.75 
0.31245 0.68755 0.57522 0.42478 0.54788 0.45212 -0.02734 0.04688 -0.07520 0.0 33.75 45.0 
0.95438 0.04562 0.29617 0.70383 0.64978 0.35022 -0.08008 0.04883 0.07520 0.0 45.0 0.0 
0.12370 0.87630 0.29603 0.70397 0.27688 0.72312 0.10840 0.08789 0.03906 0.0 45.0 11.25 
0.76781 0.23219 0.33220 0.66780 0.60852 0.39148 -0.04102 0.02930 0.02441 0.0 45.0 22.5 
0.44101 0.55899 0.30990 0.69010 0.41920 0.58080 0.05566 0.05762 0.01562 0.0 45.0 33.75 
0.32450 0.67550 0.30758 0.69242 0.40839 0.59161 -0.01562 0.07812 0.05762 0.0 45.0 45.0 
0.27420 0.72580 0.16892 0.83108 0.18154 0.81846 0.00977 0.13574 -0.00391 11.25 0.0 0.0 
0.83384 0.16616 0.18007 0.81993 0.83208 0.16792 -0.06152 0.08398 -0.01953 11.25 0.0 11.25 
0.20713 0.79287 0.15898 0.84102 0.21995 0.78005 0.05273 0.10938 -0.05273 11.25 0.0 22.5 
0.73866 0.26134 0.15135 0.84865 0.64608 0.35392 -0.02539 0.07227 -0.00293 11.25 0.0 33.75 
0.41060 0.58940 0.16571 0.83429 0.39797 0.60203 0.03320 0.10156 -0.07324 11.25 0.0 45.0 
0.16164 0.83836 0.17411 0.82589 0.16459 0.83541 -0.04785 0.11035 -0.04004 11.25 11.25 0.0 
0.87415 0.12585 0.85060 0.14940 0.09663 0.90337 0.00977 0.12109 -0.02637 11.25 11.25 11.25 
0.24221 0.75779 0.81065 0.18935 0.79172 0.20828 0.04980 0.11621 -0.06055 11.25 11.25 22.5 
0.63533 0.36467 0.84651 0.15349 0.32089 0.67911 -0.04688 0.07617 -0.03516 11.25 11.25 33.75 
0.60953 0.39047 0.82351 0.17649 0.39199 0.60801 0.08398 0.10449 -0.02832 11.25 11.25 45.0 
0.25847 0.74153 0.24538 0.75462 0.33101 0.66899 0.07227 0.08594 -0.06152 11.25 22.5 0.0 
0.81148 0.18852 0.25168 0.74832 0.74337 0.25663 -0.05469 0.08887 -0.08203 11.25 22.5 11.25 
0.25591 0.74409 0.23391 0.76609 0.18813 0.81187 0.09082 0.13477 -0.09375 11.25 22.5 22.5 
0.67086 0.32914 0.22207 0.77793 0.75961 0.24039 -0.03613 0.06641 -0.08789 11.25 22.5 33.75 
0.41920 0.58080 0.26121 0.73879 0.30212 0.69788 0.08008 0.11621 -0.08105 11.25 22.5 45.0 
0.17818 0.82182 0.59618 0.40382 0.58017 0.41983 -0.01855 0.06641 -0.02148 11.25 33.75 0.0 
0.85449 0.14551 0.59704 0.40296 0.30228 0.69772 -0.00098 0.11035 0.03418 11.25 33.75 11.25 
0.21306 0.78694 0.60413 0.39587 0.69740 0.30260 -0.02148 0.08789 -0.03613 11.25 33.75 22.5 
0.67679 0.32321 0.62238 0.37762 0.27456 0.72544 -0.03223 0.08691 0.02344 11.25 33.75 33.75 
0.57937 0.42063 0.59311 0.40689 0.62113 0.37887 0.07520 0.09863 0.02051 11.25 33.75 45.0 
0.23144 0.76856 0.66769 0.33231 0.70137 0.29863 -0.00195 0.12207 -0.13770 11.25 45.0 0.0 
0.81751 0.18249 0.62866 0.37134 0.36423 0.63577 -0.04395 0.11035 -0.10645 11.25 45.0 11.25 
0.27494 0.72506 0.58694 0.41306 0.39128 0.60872 0.08594 0.10254 -0.06836 11.25 45.0 22.5 
0.65287 0.34713 0.61542 0.38458 0.64981 0.35019 -0.05762 0.09082 -0.08496 11.25 45.0 33.75 
0.60772 0.39228 0.62503 0.37497 0.23738 0.76262 0.07617 0.10156 -0.08594 11.25 45.0 45.0 
0.77947 0.22053 0.69907 0.30093 0.12715 0.87285 -0.00977 0.10938 -0.05469 22.5 0.0 0.0 
0.35349 0.64651 0.68807 0.31193 0.79605 0.20395 -0.00293 0.08301 -0.03613 22.5 0.0 11.25 
0.58934 0.41066 0.70606 0.29394 0.25705 0.74295 -0.02441 0.10156 -0.02832 22.5 0.0 22.5 
0.56146 0.43854 0.69617 0.30383 0.57891 0.42109 0.01855 0.07715 -0.04297 22.5 0.0 33.75 
0.37300 0.62700 0.67680 0.32320 0.61255 0.38745 -0.02734 0.07031 0.00391 22.5 0.0 45.0 
0.79182 0.20818 0.25388 0.74612 0.83689 0.16311 -0.04004 0.06738 0.00391 22.5 11.25 0.0 
0.28615 0.71385 0.29525 0.70475 0.20940 0.79060 0.07520 0.08984 0.03809 22.5 11.25 11.25 
0.66143 0.33857 0.27989 0.72011 0.60790 0.39210 0.00977 0.04590 0.02441 22.5 11.25 22.5 
0.47356 0.52644 0.29717 0.70283 0.61800 0.38200 0.02637 0.10742 0.01660 22.5 11.25 33.75 
0.42619 0.57381 0.27141 0.72859 0.24702 0.75298 0.02246 0.10645 0.00586 22.5 11.25 45.0 
0.72497 0.27503 0.64947 0.35053 0.22361 0.77639 -0.01270 0.08594 0.00391 22.5 22.5 0.0 
0.37189 0.62811 0.63785 0.36215 0.61653 0.38347 0.00684 0.08984 -0.03320 22.5 22.5 11.25 
0.59848 0.40152 0.65724 0.34276 0.61190 0.38810 -0.04980 0.09473 -0.00195 22.5 22.5 22.5 
0.55945 0.44055 0.64116 0.35884 0.24539 0.75461 0.01465 0.07227 -0.04199 22.5 22.5 33.75 
0.39550 0.60450 0.62385 0.37615 0.78662 0.21338 -0.02832 0.08594 0.03711 22.5 22.5 45.0 
0.79818 0.20182 0.42769 0.57231 0.59865 0.40135 -0.04395 0.08398 -0.02051 22.5 33.75 0.0 
0.28193 0.71807 0.41502 0.58498 0.58161 0.41839 0.03125 0.07617 0.00195 22.5 33.75 11.25 
0.66825 0.33175 0.40449 0.59551 0.28783 0.71217 0.00977 0.07812 -0.02637 22.5 33.75 22.5 
0.52720 0.47280 0.42435 0.57565 0.73488 0.26512 -0.00977 0.06543 0.01465 22.5 33.75 33.75 
0.39449 0.60551 0.41184 0.58816 0.19149 0.80851 -0.00293 0.09668 -0.05566 22.5 33.75 45.0 
0.70553 0.29447 0.45537 0.54463 0.60843 0.39157 -0.03711 0.07812 0.00781 22.5 45.0 0.0 
0.34615 0.65385 0.42626 0.57374 0.20534 0.79466 0.05273 0.08789 0.01465 22.5 45.0 11.25 
0.61926 0.38074 0.42296 0.57704 0.80365 0.19635 -0.05566 0.11914 0.06641 22.5 45.0 22.5 
0.53634 0.46366 0.45452 0.54548 0.17327 0.82673 0.03613 0.10156 0.01172 22.5 45.0 33.75 
0.41792 0.58208 0.42807 0.57193 0.68658 0.31342 -0.00293 0.08887 0.04785 22.5 45.0 45.0 
0.54454 0.45546 0.48895 0.51105 0.13202 0.86798 0.01172 0.10547 -0.00781 33.75 0.0 0.0 
0.53417 0.46583 0.54973 0.45027 0.75297 0.24703 0.01758 0.05859 -0.04688 33.75 0.0 11.25 
0.41168 0.58832 0.53809 0.46191 0.26837 0.73163 0.02734 0.09570 -0.03516 33.75 0.0 22.5 
0.66353 0.33647 0.49691 0.50309 0.58833 0.41167 0.02148 0.08789 -0.00098 33.75 0.0 33.75 
0.33300 0.66700 0.57873 0.42127 0.65606 0.34394 -0.00098 0.11035 -0.07812 33.75 0.0 45.0 
0.46674 0.53326 0.56221 0.43779 0.78918 0.21082 -0.03320 0.09961 -0.04199 33.75 11.25 0.0 
0.55020 0.44980 0.09495 0.90505 0.53125 0.46875 0.03027 0.10352 0.00000 33.75 11.25 11.25 
0.44607 0.55393 0.55343 0.44657 0.80270 0.19730 -0.04590 0.10156 -0.05078 33.75 11.25 22.5 
0.59090 0.40910 0.58176 0.41824 0.25367 0.74633 -0.00391 0.09668 -0.04004 33.75 11.25 33.75 
0.45588 0.54412 0.57135 0.42865 0.62220 0.37780 0.04395 0.12012 -0.03613 33.75 11.25 45.0 
0.61486 0.38514 0.41506 0.58494 0.32070 0.67930 0.01172 0.10742 -0.02832 33.75 22.5 0.0 
0.49256 0.50744 0.37413 0.62587 0.74555 0.25445 0.00293 0.08203 -0.06055 33.75 22.5 11.25 
0.44523 0.55477 0.39215 0.60785 0.16518 0.83482 0.04688 0.09082 -0.03027 33.75 22.5 22.5 
0.62257 0.37743 0.37827 0.62173 0.80744 0.19256 -0.02441 0.07617 -0.04199 33.75 22.5 33.75 
0.36937 0.63063 0.38359 0.61641 0.26969 0.73031 0.06152 0.11035 -0.07520 33.75 22.5 45.0 
0.46861 0.53139 0.57935 0.42065 0.41699 0.58301 -0.03125 0.07324 -0.01855 33.75 33.75 0.0 
0.59182 0.40818 0.60744 0.39256 0.30624 0.69376 0.03711 0.07715 0.02051 33.75 33.75 11.25 
0.42339 0.57661 0.57932 0.42068 0.77210 0.22790 -0.01465 0.08984 -0.00586 33.75 33.75 22.5 
0.64474 0.35526 0.09733 0.90267 0.63281 0.36719 0.00781 0.10156 0.00000 33.75 33.75 33.75 
0.43316 0.56684 0.59671 0.40329 0.82473 0.17527 0.01367 0.11230 -0.07031 33.75 33.75 45.0 
0.62700 0.37300 0.41841 0.58159 0.74288 0.25712 -0.02734 0.08496 -0.05469 33.75 45.0 0.0 
0.46599 0.53401 0.40600 0.59400 0.39379 0.60621 0.02148 0.08984 -0.06934 33.75 45.0 11.25 
0.54788 0.45212 0.41575 0.58425 0.32617 0.67383 0.00977 0.10352 -0.04785 33.75 45.0 22.5 
0.57968 0.42032 0.43601 0.56399 0.78830 0.21170 -0.02637 0.07520 -0.01758 33.75 45.0 33.75 
0.45254 0.54746 0.42712 0.57288 0.13613 0.86387 0.02832 0.10742 -0.04199 33.75 45.0 45.0 
0.42226 0.57774 0.30477 0.69523 0.17352 0.82648 0.03516 0.10938 -0.03320 45.0 0.0 0.0 
0.69364 0.30636 0.27721 0.72279 0.76051 0.23949 -0.04004 0.07324 -0.00781 45.0 0.0 11.25 
0.32856 0.67144 0.31327 0.68673 0.19401 0.80599 0.06836 0.12500 -0.00879 45.0 0.0 22.5 
0.66636 0.33364 0.31298 0.68702 0.64645 0.35355 -0.01074 0.10059 -0.02344 45.0 0.0 33.75 
0.46196 0.53804 0.31526 0.68474 0.59095 0.40905 0.02539 0.09082 -0.00781 45.0 0.0 45.0 
0.38570 0.61430 0.61954 0.38046 0.82347 0.17653 -0.03320 0.11133 0.03516 45.0 11.25 0.0 
0.66650 0.33350 0.63527 0.36473 0.21269 0.78731 0.01270 0.07129 0.03027 45.0 11.25 11.25 
0.38915 0.61085 0.62266 0.37734 0.64205 0.35795 0.02734 0.09180 0.01953 45.0 11.25 22.5 
0.59260 0.40740 0.64454 0.35546 0.57309 0.42691 -0.04297 0.06738 0.04395 45.0 11.25 33.75 
0.61194 0.38806 0.62282 0.37718 0.24923 0.75077 0.08203 0.08105 0.02051 45.0 11.25 45.0 
0.34957 0.65043 0.43508 0.56492 0.26748 0.73252 0.02441 0.09570 -0.04492 45.0 22.5 0.0 
0.70225 0.29775 0.39516 0.60484 0.62935 0.37065 -0.04004 0.09668 -0.04883 45.0 22.5 11.25 
0.31955 0.68045 0.37536 0.62464 0.40192 0.59808 0.01660 0.09570 -0.06152 45.0 22.5 22.5 
0.62116 0.37884 0.39286 0.60714 0.26842 0.73158 -0.00391 0.12891 -0.07227 45.0 22.5 33.75 
0.46499 0.53501 0.41015 0.58985 0.71182 0.28818 -0.03027 0.11523 0.00098 45.0 22.5 45.0 
0.44994 0.55006 0.41060 0.58940 0.64369 0.35631 0.01758 0.09863 -0.00977 45.0 33.75 0.0 
0.65926 0.34074 0.42551 0.57449 0.61247 0.38753 -0.02539 0.10547 0.04199 45.0 33.75 11.25 
0.42261 0.57739 0.48643 0.51357 0.27650 0.72350 0.05273 0.12012 0.01172 45.0 33.75 22.5 
0.61898 0.38102 0.44200 0.55800 0.78726 0.21274 -0.04199 0.10938 0.04102 45.0 33.75 33.75 
0.56727 0.43273 0.46288 0.53712 0.15980 0.84020 0.06641 0.08984 -0.00098 45.0 33.75 45.0 
0.35112 0.64888 0.60531 0.39469 0.60547 0.39453 0.02051 0.06250 -0.03418 45.0 45.0 0.0 
0.70328 0.29672 0.61188 0.38812 0.22669 0.77331 0.00781 0.08496 -0.03125 45.0 45.0 11.25 
0.37761 0.62239 0.57970 0.42030 0.75672 0.24328 -0.00879 0.10254 -0.02344 45.0 45.0 22.5 
0.59296 0.40704 0.61882 0.38118 0.18487 0.81513 0.01465 0.09082 -0.05078 45.0 45.0 33.75 
0.54018 0.45982 0.55986 0.44014 0.69836 0.30164 0.01758 0.09375 -0.00586 45.0 45.0 45.0 
