0.73731 0.26269 0.78499 0.21501 0.08636 0.91364
0.72107 0.27893 0.76207 0.23793 0.17279 0.82721
0.67805 0.32195 0.77941 0.22059 0.24662 0.75338
0.59959 0.40041 0.76809 0.23191 0.37783 0.62217
0.44458 0.55542 0.80600 0.19400 0.58379 0.41621
0.79051 0.20949 0.83370 0.16630 0.08369 0.91631
0.74407 0.25593 0.81471 0.18529 0.09512 0.90488
0.69709 0.30291 0.79106 0.20894 0.17142 0.82858
0.60246 0.39754 0.80176 0.19824 0.32761 0.67239
0.57525 0.42475 0.81065 0.18935 0.39370 0.60630
0.73247 0.26753 0.75271 0.24729 0.10289 0.89711
0.73165 0.26835 0.76316 0.23684 0.07137 0.92863
0.65637 0.34363 0.75473 0.24527 0.11951 0.88049
0.59902 0.40098 0.76762 0.23238 0.21929 0.78071
0.56062 0.43938 0.77568 0.22432 0.33803 0.66197
0.77840 0.22160 0.73082 0.26918 0.16147 0.83853
0.72966 0.27034 0.72440 0.27560 0.14219 0.85781
0.65101 0.34899 0.70313 0.29687 0.13400 0.86600
0.60859 0.39141 0.74276 0.25724 0.17161 0.82839
0.44312 0.55688 0.71041 0.28959 0.26623 0.73377
0.73218 0.26782 0.61985 0.38015 0.30545 0.69455
0.72317 0.27683 0.62956 0.37044 0.20747 0.79253
0.17760 0.82240 0.62343 0.37657 0.68457 0.31543
0.59766 0.40234 0.62928 0.37072 0.16847 0.83153
0.45191 0.54809 0.63527 0.36473 0.18286 0.81714
