0.08476 0.91524 0.91701 0.08299 0.88086 0.11914
0.83111 0.16889 0.91618 0.08382 0.08595 0.91405
0.74258 0.25742 0.91618 0.08382 0.18609 0.81391
0.61839 0.38161 0.88870 0.11130 0.25899 0.74101
0.46399 0.53601 0.89275 0.10725 0.38749 0.61251
0.85465 0.14535 0.93177 0.06823 0.08182 0.91818
0.83523 0.16477 0.91806 0.08194 0.09676 0.90324
0.74243 0.25757 0.91657 0.08343 0.19320 0.80680
0.64282 0.35718 0.91506 0.08494 0.28114 0.71886
0.42112 0.57888 0.91700 0.08300 0.38758 0.61242
0.86176 0.13824 0.88385 0.11615 0.10554 0.89446
0.82617 0.17383 0.88907 0.11093 0.15384 0.84616
0.74632 0.25368 0.88239 0.11761 0.26062 0.73938
0.64677 0.35323 0.88480 0.11520 0.33908 0.66092
0.43250 0.56750 0.87342 0.12658 0.60973 0.39027
0.84769 0.15231 0.79346 0.20654 0.18808 0.81192
0.81603 0.18397 0.78193 0.21807 0.27568 0.72432
0.75961 0.24039 0.79906 0.20094 0.31516 0.68484
0.58737 0.41263 0.78078 0.21922 0.44100 0.55900
0.46043 0.53957 0.77759 0.22241 0.58061 0.41939
0.84918 0.15082 0.68134 0.31866 0.30902 0.69098
0.82918 0.17082 0.65538 0.34462 0.35457 0.64543
0.76662 0.23338 0.67697 0.32303 0.37206 0.62794
0.63740 0.36260 0.65836 0.34164 0.47025 0.52975
0.45787 0.54213 0.65940 0.34060 0.57735 0.42265
