0.59921 0.40079 0.62741 0.37259 0.08574 0.91426
0.63907 0.36093 0.65638 0.34362 0.16204 0.83796
0.60616 0.39384 0.67416 0.32584 0.27425 0.72575
0.58007 0.41993 0.65821 0.34179 0.44608 0.55392
0.45011 0.54989 0.66171 0.33829 0.62126 0.37874
0.63439 0.36561 0.68278 0.31722 0.08511 0.91489
0.60019 0.39981 0.66753 0.33247 0.09735 0.90265
0.59876 0.40124 0.67170 0.32830 0.17575 0.82425
0.58561 0.41439 0.68461 0.31539 0.31903 0.68097
0.58887 0.41113 0.63193 0.36807 0.40263 0.59737
0.62408 0.37592 0.63439 0.36561 0.09219 0.90781
0.59749 0.40251 0.63001 0.36999 0.08192 0.91808
0.59363 0.40637 0.65301 0.34699 0.11928 0.88072
0.58770 0.41230 0.66869 0.33131 0.17166 0.82834
0.44404 0.55596 0.66414 0.33586 0.32993 0.67007
0.65719 0.34281 0.63771 0.36229 0.19393 0.80607
0.61855 0.38145 0.63115 0.36885 0.10202 0.89798
0.59442 0.40558 0.64098 0.35902 0.10043 0.89957
0.5228 0.47720 0.61365 0.38635 0.12074 0.87926
0.43867 0.56133 0.61161 0.38839 0.20133 0.79867
0.63540 0.36460 0.59336 0.40664 0.29493 0.70507
0.62768 0.37232 0.58966 0.41034 0.19721 0.80279
0.56775 0.43225 0.57660 0.42340 0.13314 0.86686
0.53809 0.46191 0.57700 0.42300 0.09629 0.90371
0.43007 0.56993 0.57968 0.42032 0.12899 0.87101
