0.84838 0.15162 0.86525 0.13475 0.08338 0.91662
0.80455 0.19545 0.87671 0.12329 0.14505 0.85495
0.72597 0.27403 0.86149 0.13851 0.24968 0.75032
0.62198 0.37802 0.87161 0.12839 0.36718 0.63282
0.43616 0.56384 0.85942 0.14058 0.60220 0.39780
0.86078 0.13922 0.91237 0.08763 0.05406 0.94594
0.80026 0.19974 0.88992 0.11008 0.09301 0.90699
0.73993 0.26007 0.89122 0.10878 0.17866 0.82134
0.63477 0.36523 0.90830 0.09170 0.31046 0.68954
0.41679 0.58321 0.88895 0.11105 0.37820 0.62180
0.85167 0.14833 0.08416 0.91584 0.85449 0.14551
0.81099 0.18901 0.87939 0.12061 0.10185 0.89815
0.73112 0.26888 0.87525 0.12475 0.16008 0.83992
0.60095 0.39905 0.86133 0.13867 0.28162 0.71838
0.44621 0.55379 0.83321 0.16679 0.36375 0.63625
0.86082 0.13918 0.78823 0.21177 0.16988 0.83012
0.79772 0.20228 0.76798 0.23202 0.16785 0.83215
0.72846 0.27154 0.78029 0.21971 0.17111 0.82889
0.63591 0.36409 0.77752 0.22248 0.24056 0.75944
0.46472 0.53528 0.78993 0.21007 0.34021 0.65979
0.83466 0.16534 0.64257 0.35743 0.29176 0.70824
0.80606 0.19394 0.65871 0.34129 0.25117 0.74883
0.73049 0.26951 0.68465 0.31535 0.24485 0.75515
0.61449 0.38551 0.66119 0.33881 0.27785 0.72215
0.45677 0.54323 0.64285 0.35715 0.29034 0.70966
