0.86891 0.13109 0.92367 0.07633 0.08995 0.91005
0.84631 0.15369 0.92535 0.07465 0.10658 0.89342
0.78786 0.21214 0.80660 0.19340 0.08196 0.91804
0.59271 0.40729 0.91712 0.08288 0.34324 0.65676
0.41785 0.58215 0.90930 0.09070 0.60495 0.39505
0.88903 0.11097 0.94363 0.05637 0.04348 0.95652
0.85147 0.14853 0.93576 0.06424 0.08450 0.91550
0.76493 0.23507 0.92988 0.07012 0.17502 0.82498
0.66520 0.33480 0.92701 0.07299 0.27261 0.72739
0.42519 0.57481 0.94024 0.05976 0.38150 0.61850
0.88122 0.11878 0.91699 0.08301 0.07919 0.92081
0.85000 0.15000 0.90527 0.09473 0.11830 0.88170
0.74712 0.25288 0.89770 0.10230 0.19789 0.80211
0.62106 0.37894 0.87751 0.12249 0.31261 0.68739
0.55867 0.44133 0.89649 0.10351 0.36489 0.63511
0.87989 0.12011 0.80428 0.19572 0.19157 0.80843
0.84289 0.15711 0.79981 0.20019 0.20993 0.79007
0.75431 0.24569 0.80473 0.19527 0.24021 0.75979
0.58749 0.41251 0.64113 0.35887 0.20691 0.79309
0.43508 0.56492 0.79707 0.20293 0.43928 0.56072
0.86051 0.13949 0.67870 0.32130 0.31759 0.68241
0.83554 0.16446 0.66825 0.33175 0.30994 0.69006
0.74888 0.25112 0.68299 0.31701 0.34926 0.65074
0.64649 0.35351 0.68789 0.31211 0.34304 0.65696
0.54004 0.45996 0.66222 0.33778 0.39862 0.60138
